seq_name	chromosome_score	plasmid_score	virus_score
k141_0	0.2395	0.5819	0.1785
k141_137	0.7242	0.1766	0.0991
k141_1	0.3383	0.5850	0.0767
k141_2	0.6260	0.1743	0.1996
k141_138	0.4964	0.3980	0.1055
k141_139	0.1736	0.4999	0.3264
k141_140	0.7677	0.2041	0.0282
k141_141	0.1500	0.6438	0.2062
k141_142	0.4209	0.2285	0.3506
k141_143	0.7325	0.1973	0.0702
k141_3	0.8708	0.0836	0.0455
k141_4	0.9553	0.0327	0.0119
k141_144	0.9153	0.0610	0.0237
k141_145	0.7903	0.1405	0.0691
k141_146	0.7650	0.2043	0.0307
k141_147	0.6436	0.1286	0.2279
k141_148	0.5156	0.2829	0.2015
k141_5	0.1118	0.8246	0.0636
k141_149	0.2878	0.2670	0.4452
k141_150	0.5084	0.2291	0.2625
k141_6	0.9390	0.0439	0.0170
k141_7	0.9265	0.0509	0.0226
k141_8	0.1824	0.1421	0.6755
k141_9	0.3121	0.6284	0.0595
k141_10	0.1751	0.7453	0.0796
k141_11	0.0214	0.8995	0.0791
k141_12	0.1036	0.8308	0.0656
k141_13	0.2250	0.4943	0.2807
k141_14	0.2427	0.5776	0.1797
k141_15	0.0398	0.9300	0.0302
k141_16	0.6744	0.2262	0.0994
k141_17	0.0751	0.7659	0.1590
k141_18	0.2496	0.1997	0.5507
k141_19	0.5740	0.2497	0.1763
k141_20	0.7490	0.1597	0.0912
k141_21	0.0217	0.9540	0.0243
k141_22	0.7684	0.1441	0.0875
k141_23	0.1828	0.4540	0.3633
k141_24	0.5638	0.2754	0.1607
k141_25	0.4700	0.3967	0.1333
k141_151	0.8005	0.1457	0.0538
k141_152	0.5905	0.3570	0.0525
k141_153	0.3998	0.4939	0.1064
k141_26	0.5922	0.3280	0.0798
k141_27	0.4277	0.2665	0.3058
k141_154	0.2624	0.6157	0.1219
k141_28	0.6617	0.2639	0.0744
k141_29	0.6052	0.3018	0.0930
k141_30	0.4771	0.3711	0.1517
k141_31	0.3942	0.5049	0.1009
k141_32	0.1366	0.2455	0.6179
k141_155	0.8772	0.0868	0.0359
k141_33	0.4467	0.3879	0.1654
k141_34	0.7378	0.1730	0.0892
k141_35	0.7594	0.2104	0.0301
k141_36	0.7263	0.2109	0.0628
k141_37	0.2295	0.4197	0.3508
k141_38	0.7977	0.1416	0.0607
k141_156	0.0293	0.9415	0.0293
k141_157	0.4684	0.3813	0.1503
k141_158	0.4215	0.2960	0.2825
k141_39	0.0146	0.9630	0.0224
k141_159	0.1623	0.7505	0.0873
k141_40	0.1440	0.7263	0.1297
k141_160	0.4566	0.3838	0.1597
k141_161	0.3818	0.4323	0.1859
k141_162	0.0421	0.8304	0.1275
k141_163	0.0169	0.0159	0.9672
k141_41	0.4904	0.4196	0.0900
k141_42	0.1159	0.6974	0.1867
k141_43	0.0189	0.9582	0.0229
k141_164	0.4961	0.4034	0.1005
k141_165	0.3439	0.2665	0.3896
k141_166	0.2892	0.6008	0.1100
k141_167	0.3784	0.4379	0.1837
k141_168	0.8545	0.1061	0.0394
k141_169	0.1903	0.7074	0.1023
k141_170	0.3327	0.1747	0.4926
k141_171	0.6891	0.1928	0.1181
k141_172	0.3532	0.5699	0.0769
k141_173	0.3813	0.1796	0.4391
k141_174	0.1255	0.7904	0.0840
k141_44	0.8873	0.0837	0.0291
k141_45	0.4716	0.3030	0.2254
k141_46	0.3049	0.6082	0.0868
k141_175	0.5896	0.2146	0.1958
k141_176	0.3907	0.1906	0.4187
k141_177	0.0955	0.8526	0.0519
k141_47	0.7525	0.1765	0.0709
k141_48	0.3030	0.1766	0.5204
k141_49	0.8212	0.1275	0.0513
k141_50	0.0906	0.4465	0.4629
k141_178	0.8006	0.1491	0.0503
k141_51	0.0030	0.9903	0.0067
k141_179	0.1864	0.6492	0.1644
k141_52	0.6836	0.2815	0.0349
k141_53	0.3300	0.1561	0.5139
k141_180	0.3428	0.5274	0.1298
k141_181	0.1990	0.2390	0.5620
k141_54	0.2280	0.6123	0.1597
k141_55	0.1431	0.4669	0.3900
k141_56	0.5484	0.3709	0.0807
k141_57	0.7693	0.1552	0.0755
k141_58	0.0703	0.8695	0.0603
k141_182	0.6379	0.2297	0.1324
k141_183	0.6680	0.2294	0.1026
k141_184	0.1183	0.6808	0.2008
k141_59	0.3432	0.5531	0.1037
k141_60	0.1133	0.7264	0.1603
k141_61	0.2698	0.6310	0.0992
k141_62	0.0172	0.9055	0.0773
k141_185	0.1616	0.7436	0.0948
k141_63	0.8706	0.1135	0.0159
k141_64	0.0158	0.7368	0.2474
k141_65	0.1309	0.5921	0.2770
k141_186	0.4447	0.4444	0.1109
k141_66	0.4468	0.4534	0.0999
k141_187	0.0706	0.8376	0.0918
k141_67	0.4658	0.3725	0.1617
k141_68	0.7975	0.1560	0.0464
k141_69	0.6371	0.2282	0.1346
k141_70	0.5606	0.1826	0.2568
k141_188	0.8120	0.1345	0.0535
k141_71	0.8075	0.1441	0.0484
k141_189	0.1933	0.7258	0.0808
k141_190	0.9605	0.0293	0.0102
k141_191	0.1833	0.7612	0.0555
k141_192	0.7832	0.1774	0.0394
k141_193	0.0401	0.9322	0.0277
k141_72	0.0079	0.9679	0.0242
k141_73	0.5630	0.3436	0.0934
k141_74	0.1203	0.6272	0.2525
k141_75	0.2761	0.1488	0.5751
k141_194	0.3680	0.4919	0.1401
k141_76	0.4459	0.4100	0.1441
k141_195	0.8277	0.1269	0.0454
k141_196	0.3419	0.5136	0.1445
k141_197	0.1172	0.7799	0.1030
k141_77	0.6770	0.2326	0.0904
k141_78	0.5606	0.3265	0.1129
k141_79	0.9187	0.0556	0.0257
k141_198	0.8288	0.1388	0.0323
k141_199	0.7268	0.2142	0.0590
k141_200	0.6071	0.2994	0.0934
k141_201	0.1145	0.7130	0.1725
k141_202	0.3640	0.2973	0.3387
k141_203	0.0341	0.0255	0.9404
k141_205	0.1778	0.4784	0.3438
k141_206	0.6135	0.2993	0.0872
k141_207	0.0097	0.9795	0.0108
k141_208	0.3097	0.6153	0.0749
k141_80	0.8398	0.1089	0.0514
k141_209	0.1292	0.8026	0.0682
k141_81	0.5060	0.3738	0.1202
k141_82	0.1177	0.7241	0.1583
k141_83	0.0661	0.8900	0.0439
k141_84	0.1229	0.7921	0.0850
k141_85	0.9237	0.0552	0.0211
k141_86	0.0037	0.9813	0.0150
k141_210	0.8782	0.0858	0.0360
k141_211	0.0261	0.0444	0.9295
k141_87	0.1817	0.7535	0.0648
k141_88	0.1783	0.4782	0.3435
k141_212	0.3439	0.5788	0.0774
k141_89	0.7008	0.1990	0.1002
k141_213	0.7873	0.1499	0.0628
k141_90	0.2582	0.1871	0.5547
k141_214	0.2548	0.6046	0.1406
k141_91	0.8373	0.1383	0.0243
k141_215	0.1169	0.8419	0.0412
k141_216	0.1151	0.7592	0.1258
k141_217	0.0440	0.7769	0.1791
k141_92	0.8624	0.0949	0.0427
k141_218	0.0279	0.9389	0.0332
k141_93	0.6477	0.2458	0.1065
k141_219	0.7066	0.2417	0.0516
k141_220	0.0306	0.9327	0.0367
k141_221	0.1531	0.7133	0.1337
k141_94	0.0242	0.9539	0.0218
k141_95	0.9473	0.0383	0.0143
k141_222	0.2601	0.5871	0.1528
k141_96	0.9046	0.0763	0.0190
k141_223	0.6469	0.1799	0.1731
k141_224	0.6727	0.2179	0.1094
k141_225	0.7231	0.2186	0.0583
k141_226	0.0620	0.8922	0.0459
k141_97	0.9199	0.0597	0.0204
k141_98	0.5778	0.2574	0.1648
k141_99	0.4846	0.4570	0.0584
k141_227	0.0703	0.8860	0.0438
k141_228	0.0738	0.8338	0.0923
k141_229	0.9093	0.0636	0.0270
k141_230	0.0230	0.9343	0.0426
k141_231	0.6144	0.2394	0.1463
k141_100	0.8163	0.1293	0.0544
k141_101	0.5571	0.2836	0.1593
k141_232	0.9224	0.0575	0.0201
k141_102	0.1851	0.6713	0.1436
k141_233	0.0117	0.9694	0.0188
k141_103	0.8075	0.1308	0.0616
k141_234	0.0637	0.8744	0.0620
k141_104	0.2813	0.2410	0.4778
k141_105	0.2159	0.1772	0.6069
k141_106	0.5613	0.1658	0.2728
k141_107	0.4790	0.3908	0.1302
k141_108	0.1787	0.6185	0.2028
k141_109	0.5189	0.3738	0.1072
k141_110	0.4219	0.4491	0.1290
k141_111	0.2588	0.6481	0.0931
k141_112	0.3935	0.4690	0.1375
k141_113	0.5484	0.3317	0.1199
k141_114	0.2012	0.2237	0.5750
k141_115	0.0158	0.9626	0.0216
k141_116	0.2506	0.1815	0.5679
k141_117	0.0572	0.8949	0.0479
k141_118	0.8232	0.1386	0.0382
k141_119	0.9332	0.0469	0.0199
k141_120	0.1735	0.4787	0.3478
k141_121	0.3680	0.1769	0.4551
k141_235	0.8440	0.1078	0.0482
k141_236	0.5642	0.1418	0.2940
k141_122	0.2823	0.6328	0.0849
k141_123	0.4254	0.4885	0.0861
k141_237	0.5901	0.2917	0.1182
k141_124	0.3483	0.5909	0.0608
k141_238	0.3612	0.5483	0.0905
k141_239	0.1890	0.7468	0.0642
k141_240	0.5634	0.1746	0.2620
k141_125	0.4852	0.4327	0.0822
k141_126	0.0419	0.0979	0.8601
k141_241	0.7574	0.1837	0.0589
k141_127	0.0310	0.9359	0.0331
k141_242	0.8391	0.1231	0.0378
k141_243	0.0244	0.9455	0.0301
k141_128	0.0094	0.9846	0.0060
k141_129	0.5475	0.3411	0.1115
k141_244	0.4514	0.3882	0.1604
k141_245	0.6631	0.2597	0.0772
k141_246	0.2590	0.2459	0.4951
k141_130	0.0867	0.8594	0.0539
k141_131	0.9357	0.0482	0.0161
k141_132	0.5321	0.2967	0.1712
k141_247	0.7534	0.1834	0.0633
k141_248	0.6390	0.1579	0.2030
k141_249	0.6690	0.2741	0.0569
k141_250	0.0051	0.9777	0.0172
k141_251	0.4456	0.4213	0.1330
k141_253	0.4274	0.3523	0.2203
k141_254	0.3350	0.3158	0.3493
k141_255	0.0075	0.9861	0.0065
k141_256	0.7116	0.1989	0.0895
k141_257	0.9023	0.0582	0.0395
k141_258	0.2502	0.1741	0.5757
k141_259	0.0026	0.9859	0.0115
k141_260	0.0410	0.8871	0.0719
k141_261	0.5240	0.2770	0.1990
k141_262	0.2840	0.1615	0.5545
k141_263	0.7846	0.1744	0.0410
k141_264	0.4068	0.1908	0.4024
k141_265	0.8652	0.0939	0.0409
k141_266	0.3526	0.5766	0.0708
k141_267	0.9095	0.0803	0.0102
k141_133	0.8245	0.1221	0.0534
k141_134	0.8577	0.1147	0.0276
k141_268	0.5818	0.3213	0.0970
k141_135	0.0195	0.9593	0.0212
k141_269	0.9191	0.0581	0.0227
k141_270	0.8816	0.0847	0.0337
k141_136	0.3074	0.5876	0.1050
k141_271	0.9054	0.0755	0.0191
k141_272	0.3758	0.4682	0.1561
k141_273	0.2811	0.6278	0.0911
